Dataset/FaceData/processed\phuong\134089764_2836962496620855_2630663909480247223_n.png 541 900 742 1142
Dataset/FaceData/processed\phuong\167954086_821244508464377_1096862232887531592_n.png 189 547 1069 1668
Dataset/FaceData/processed\phuong\168026738_199387531671184_819118271280122897_n.png 365 543 1014 1361
Dataset/FaceData/processed\phuong\168110045_265072185278762_2426205876729237360_n.png 285 409 1120 1473
Dataset/FaceData/processed\phuong\168604478_1173604113073224_7534183336954808939_n.png 222 474 1080 1571
Dataset/FaceData/processed\phuong\168777565_610967383195596_2806252040615723978_n.png 217 679 1058 1736
Dataset/FaceData/processed\phuong\168782969_358989392124254_6730224917205394266_n.png 338 250 1227 1402
Dataset/FaceData/processed\phuong\168845765_123476443042314_4634779893701122084_n.png 402 447 1126 1450
Dataset/FaceData/processed\phuong\168876207_2954184924864261_1222183683870615571_n.png 354 471 1177 1594
Dataset/FaceData/processed\phuong\169009411_1016350889105508_8065332060311688167_n.png 155 745 973 1809
Dataset/FaceData/processed\phuong\169076013_292363152462231_3156645188202981493_n.png 22 156 1031 1490
Dataset/FaceData/processed\phuong\169156042_508369870540889_78024790075588131_n.png 159 292 1042 1416
Dataset/FaceData/processed\phuong\169506295_567939694603229_3710993787813900088_n.png 251 456 1079 1551
Dataset/FaceData/processed\phuong\169966722_277063567247006_4913242020226363821_n.png 148 458 967 1493
Dataset/FaceData/processed\phuong\170004440_3859971644098824_2262332252479301618_n.png 392 61 1362 1343
Dataset/FaceData/processed\phuong\170053580_779031602989928_7760844510402654524_n.png 132 476 1073 1653
Dataset/FaceData/processed\phuong\170160500_1219328898484050_1038229929714691596_n.png 365 516 1196 1574
Dataset/FaceData/processed\phuong\170259239_3552695861622505_5920140707703515955_n.png 445 294 1159 1130
Dataset/FaceData/processed\phuong\49730802_2233283290322115_1649446619109654528_n.png 342 370 583 651
Dataset/FaceData/processed\phuong\64743036_2350160391967737_3834725133205897216_n.png 1136 738 1376 1043
