Dataset/FaceData/processed\phuong\165153962_724513288195140_3797669458092326087_n.png 57 64 222 276
Dataset/FaceData/processed\phuong\165211858_198523925049481_6330281590062915566_n.png 69 63 239 283
Dataset/FaceData/processed\phuong\166985741_1927855197366136_3935694651307404546_n.png 32 41 206 239
Dataset/FaceData/processed\phuong\167219548_457597748792789_1738733238287903486_n.png 56 131 267 398
Dataset/FaceData/processed\phuong\168068087_291400959151601_5463991636618807136_n.png 50 111 189 288
Dataset/FaceData/processed\phuong\168241257_859451937938138_5899576746052569373_n.png 45 27 233 227
Dataset/FaceData/processed\phuong\168648877_739436800104470_7756870589173515542_n.png 87 127 234 308
Dataset/FaceData/processed\phuong\169151799_3707376782648952_8400080744109085522_n.png 99 147 287 388
Dataset/FaceData/processed\phuong\169691393_189853776088129_3474432626749000776_n.png 58 115 230 317
Dataset/FaceData/processed\phuong\169989991_787099978665804_3002395920988853162_n.png 72 84 221 267
Dataset/FaceData/processed\phuong\170391243_4293344484033677_2862836507259485878_n.png 78 145 251 353
